** File        : ..\RUNIO\WCCSI.SIT
** Generated by: c:\program files\wofost control center\exec\WCC.exe
** Date        : 30-10-2019
IZT    = 0
IFUNRN = 0
IDRAIN = 0
SSMAX  = 0.000000
WAV    = 50.000000
ZTI    = 350.000000
DD     = 0.000000
RDMSOL = 250.000000
NOTINF = 0.000000
SSI    = 0.000000
SMLIM  = 0.300000
CO2    = 400

NINFTB = 0.0,   0.0, 
         0.5,   0.0, 
         1.5,   0.0
