** File        : ..\RUNIO\WCCSI.SIT
** Generated by: c:\program files\wofost control center\exec\WCC.exe
** Date        : 15-7-2004 8:42:23
IZT    = 0
IFUNRN = 0
IDRAIN = 0
SSMAX  = 0.000000
WAV    = 20.000000
ZTI    = 150.000000
DD     = 0.000000
RDMSOL = 250.000000
NOTINF = 0.000000
SSI    = 0.000000
SMLIM  = 0.300000
CO2    = 360.

NINFTB = 0.0,   0.0, 
         0.5,   0.0, 
         1.5,   0.0
